step: mean vx | mean|vx| | mean vy | mean|vy| | speed
model
    1:   1.500   2.107   0.117   1.394   2.853
    5:   5.237   6.052   0.133   1.337   6.360
   10:   3.435   7.776   0.370   1.319   8.053
   20:  -1.420   3.823   0.326   1.338   4.249
   50:   0.091   1.898   0.665   2.067   3.139
  100:  -0.220   1.070  -0.043   1.519   2.067
truth
    1:   0.895   1.709   0.090   1.332   2.456
    5:   5.160   5.863   0.107   1.415   6.199
   10:   4.010   8.532   0.237   1.824   9.025
   20:  -1.517   4.391   0.311   3.072   5.996
   50:   1.355   4.398  -0.136   4.445   6.935
  100:   0.086   5.021  -0.236   4.886   7.871
