step: mean vx | mean|vx| | mean vy | mean|vy| | speed
model
    1:   1.497   2.109   0.106   1.404   2.864
    5:   5.602   6.507   0.041   1.341   6.779
   10:   2.730   8.274   0.134   1.760   8.761
   20:  -0.912   3.654   0.189   2.018   4.552
   50:   1.423   2.702  -0.354   1.931   3.792
  100:  -0.195   1.004  -0.179   1.267   1.809
truth
    1:   0.895   1.709   0.090   1.332   2.456
    5:   5.160   5.863   0.107   1.415   6.199
   10:   4.010   8.532   0.237   1.824   9.025
   20:  -1.517   4.391   0.311   3.072   5.996
   50:   1.355   4.398  -0.136   4.445   6.935
  100:   0.086   5.021  -0.236   4.886   7.871
