step: mean vx | mean|vx| | mean vy | mean|vy| | speed
model
    1:   1.476   2.055   0.069   1.394   2.800
    5:   5.481   6.282   0.056   1.397   6.573
   10:   3.689   7.993   0.064   1.795   8.546
   20:  -1.488   4.145  -0.056   2.338   5.208
   50:   1.403   3.962  -0.086   3.108   5.597
  100:  -0.160   4.150  -0.360   3.779   6.262
truth
    1:   0.876   1.671   0.059   1.304   2.399
    5:   5.156   5.857   0.074   1.415   6.181
   10:   4.101   8.555   0.193   1.842   9.065
   20:  -1.478   4.315   0.231   3.150   6.025
   50:   1.229   4.399  -0.053   4.306   6.843
  100:   0.193   5.003  -0.251   4.924   7.869
