step: mean vx | mean|vx| | mean vy | mean|vy| | speed
model
    1:   1.500   2.107   0.117   1.394   2.853
    5:   5.267   5.949   0.208   1.335   6.266
   10:   3.171   7.129   0.365   1.151   7.353
   20:  -1.157   2.522   1.092   1.322   3.048
   50:   0.831   1.002  -0.023   0.773   1.413
  100:   0.879   0.881  -0.151   0.225   0.951
truth
    1:   0.895   1.709   0.090   1.332   2.456
    5:   5.160   5.863   0.107   1.415   6.199
   10:   4.010   8.532   0.237   1.824   9.025
   20:  -1.517   4.391   0.311   3.072   5.996
   50:   1.355   4.398  -0.136   4.445   6.935
  100:   0.086   5.021  -0.236   4.886   7.871
