step: mean vx | mean|vx| | mean vy | mean|vy| | speed
model
    1:   1.500   2.107   0.117   1.394   2.853
    5:   5.236   6.115   0.249   1.380   6.433
   10:   2.781   7.680   0.104   1.306   7.958
   20:  -1.464   2.932  -0.086   1.081   3.335
   50:   1.436   2.574  -0.559   1.200   3.244
  100:   0.980   2.868  -0.400   1.088   3.438
truth
    1:   0.895   1.709   0.090   1.332   2.456
    5:   5.160   5.863   0.107   1.415   6.199
   10:   4.010   8.532   0.237   1.824   9.025
   20:  -1.517   4.391   0.311   3.072   5.996
   50:   1.355   4.398  -0.136   4.445   6.935
  100:   0.086   5.021  -0.236   4.886   7.871
