step: mean vx | mean|vx| | mean vy | mean|vy| | speed
model
    1:   1.497   2.109   0.106   1.404   2.864
    5:   5.536   6.299   0.158   1.398   6.596
   10:   3.392   7.890   0.224   1.967   8.538
   20:  -1.640   3.895   0.183   2.101   4.840
   50:   1.585   3.276   0.251   2.378   4.550
  100:   0.005   2.473  -0.168   2.254   3.687
truth
    1:   0.895   1.709   0.090   1.332   2.456
    5:   5.160   5.863   0.107   1.415   6.199
   10:   4.010   8.532   0.237   1.824   9.025
   20:  -1.517   4.391   0.311   3.072   5.996
   50:   1.355   4.398  -0.136   4.445   6.935
  100:   0.086   5.021  -0.236   4.886   7.871
