step: mean vx | mean|vx| | mean vy | mean|vy| | speed
model
    1:   1.476   2.055   0.069   1.394   2.800
    5:   5.471   6.316   0.031   1.385   6.598
   10:   3.840   8.006   0.072   1.802   8.546
   20:  -1.313   3.834   0.521   2.231   4.868
   50:   2.046   4.231  -0.513   2.900   5.596
  100:   0.017   3.991   0.070   3.002   5.495
truth
    1:   0.876   1.671   0.059   1.304   2.399
    5:   5.156   5.857   0.074   1.415   6.181
   10:   4.101   8.555   0.193   1.842   9.065
   20:  -1.478   4.315   0.231   3.150   6.025
   50:   1.229   4.399  -0.053   4.306   6.843
  100:   0.193   5.003  -0.251   4.924   7.869
