step: mean vx | mean|vx| | mean vy | mean|vy| | speed
model
    1:   1.476   2.055   0.069   1.394   2.800
    5:   5.440   6.316   0.049   1.389   6.606
   10:   3.662   7.928   0.155   1.816   8.522
   20:  -1.796   4.068  -0.077   2.044   5.001
   50:   1.619   4.107   0.226   2.752   5.376
  100:   0.419   4.470   0.058   2.917   5.850
truth
    1:   0.876   1.671   0.059   1.304   2.399
    5:   5.156   5.857   0.074   1.415   6.181
   10:   4.101   8.555   0.193   1.842   9.065
   20:  -1.478   4.315   0.231   3.150   6.025
   50:   1.229   4.399  -0.053   4.306   6.843
  100:   0.193   5.003  -0.251   4.924   7.869
