step: mean vx | mean|vx| | mean vy | mean|vy| | speed
model
    1:   1.497   2.109   0.106   1.404   2.864
    5:   5.324   6.048   0.173   1.372   6.349
   10:   3.776   7.729   0.337   1.592   8.134
   20:  -1.466   4.013   0.153   1.735   4.693
   50:   1.645   2.635   0.609   1.839   3.568
  100:   0.291   1.200   0.185   1.479   2.166
truth
    1:   0.895   1.709   0.090   1.332   2.456
    5:   5.160   5.863   0.107   1.415   6.199
   10:   4.010   8.532   0.237   1.824   9.025
   20:  -1.517   4.391   0.311   3.072   5.996
   50:   1.355   4.398  -0.136   4.445   6.935
  100:   0.086   5.021  -0.236   4.886   7.871
