step: mean vx | mean|vx| | mean vy | mean|vy| | speed
model
    1:   1.500   2.107   0.117   1.394   2.853
    5:   5.352   6.233   0.213   1.361   6.534
   10:   3.468   8.037   0.501   1.632   8.485
   20:  -1.175   3.524   0.440   1.857   4.396
   50:   1.234   3.117  -0.202   1.690   3.795
  100:   0.094   2.374  -0.098   1.137   2.901
truth
    1:   0.895   1.709   0.090   1.332   2.456
    5:   5.160   5.863   0.107   1.415   6.199
   10:   4.010   8.532   0.237   1.824   9.025
   20:  -1.517   4.391   0.311   3.072   5.996
   50:   1.355   4.398  -0.136   4.445   6.935
  100:   0.086   5.021  -0.236   4.886   7.871
