step: mean vx | mean|vx| | mean vy | mean|vy| | speed
model
    1:   1.476   2.055   0.069   1.394   2.800
    5:   5.560   6.298   0.005   1.386   6.586
   10:   3.896   7.916   0.010   1.760   8.427
   20:  -1.699   4.057   0.234   2.198   5.039
   50:   1.335   3.921  -0.180   2.478   5.081
  100:   0.417   4.394   0.287   2.872   5.790
truth
    1:   0.876   1.671   0.059   1.304   2.399
    5:   5.156   5.857   0.074   1.415   6.181
   10:   4.101   8.555   0.193   1.842   9.065
   20:  -1.478   4.315   0.231   3.150   6.025
   50:   1.229   4.399  -0.053   4.306   6.843
  100:   0.193   5.003  -0.251   4.924   7.869
