step: mean vx | mean|vx| | mean vy | mean|vy| | speed
model
    1:   1.497   2.109   0.106   1.404   2.864
    5:   5.419   6.248   0.066   1.387   6.554
   10:   3.512   7.879   0.164   1.894   8.457
   20:  -1.572   3.844   0.246   2.529   5.132
   50:   1.040   4.103  -0.070   2.882   5.497
  100:  -0.180   2.852   0.404   2.558   4.284
truth
    1:   0.895   1.709   0.090   1.332   2.456
    5:   5.160   5.863   0.107   1.415   6.199
   10:   4.010   8.532   0.237   1.824   9.025
   20:  -1.517   4.391   0.311   3.072   5.996
   50:   1.355   4.398  -0.136   4.445   6.935
  100:   0.086   5.021  -0.236   4.886   7.871
