step: mean vx | mean|vx| | mean vy | mean|vy| | speed
model
    1:   0.957   1.874   0.058   1.328   2.844
    5:   5.231   5.704   0.080   0.974   5.966
   10:   3.411   6.458   0.158   1.009   6.736
   20:  -1.036   2.285   0.229   1.322   2.906
   50:  -0.129   0.589   0.054   0.755   1.046
  100:  -0.073   0.531   0.083   0.399   0.741
truth
    1:   0.895   1.709   0.090   1.332   2.456
    5:   5.160   5.863   0.107   1.415   6.199
   10:   4.010   8.532   0.237   1.824   9.025
   20:  -1.517   4.391   0.311   3.072   5.996
   50:   1.355   4.398  -0.136   4.445   6.935
  100:   0.086   5.021  -0.236   4.886   7.871
