step: mean vx | mean|vx| | mean vy | mean|vy| | speed
model
    1:   1.476   2.055   0.069   1.394   2.800
    5:   5.472   6.295   0.040   1.389   6.581
   10:   3.718   7.868   0.094   2.016   8.563
   20:  -1.533   3.952   0.556   2.491   5.171
   50:   1.247   4.109  -0.057   3.048   5.629
  100:   0.422   4.835  -0.101   3.527   6.678
truth
    1:   0.876   1.671   0.059   1.304   2.399
    5:   5.156   5.857   0.074   1.415   6.181
   10:   4.101   8.555   0.193   1.842   9.065
   20:  -1.478   4.315   0.231   3.150   6.025
   50:   1.229   4.399  -0.053   4.306   6.843
  100:   0.193   5.003  -0.251   4.924   7.869
