step: mean vx | mean|vx| | mean vy | mean|vy| | speed
model
    1:   1.497   2.109   0.106   1.404   2.864
    5:   5.444   6.254   0.114   1.391   6.556
   10:   3.438   7.880   0.227   1.729   8.373
   20:  -1.556   3.962   0.107   1.968   4.796
   50:   1.339   3.396   0.206   2.074   4.388
  100:   0.085   3.577  -0.032   2.428   4.844
truth
    1:   0.895   1.709   0.090   1.332   2.456
    5:   5.160   5.863   0.107   1.415   6.199
   10:   4.010   8.532   0.237   1.824   9.025
   20:  -1.517   4.391   0.311   3.072   5.996
   50:   1.355   4.398  -0.136   4.445   6.935
  100:   0.086   5.021  -0.236   4.886   7.871
